﻿项目关键指标 Key Project Indicators
指标 Indicator,值 Value
内部收益率 IRR,N/A
销售毛利率 Gross Profit Margin,13.01%
销售净利率 Net Profit Margin,3.95%
现金流回正（月） Cash Flow Positive Month,8
项目总销售额（含税） Total Sales (incl. tax),131400000.0
项目总投资（含税） Total Investment (incl. tax),126212625.0
项目资金峰值 Peak Negative Cash Flow,-63266250.0
项目净利润 Net Profit,5187375.0
企业所得税 Corporate Tax,1729125.0
税后净利润 Net Profit After Tax,3458250.0
MOIC,1.08

月份 Month,计容产品销售收入 Apartment Sales,预售资金监管要求 Supervision Fund Requirement,资金监管存入 Fund Contribution,资金监管解活 Fund Release,车位销售收入 Parking Lot Sales,总销售收入 Total Sales Income,总现金流入小计 Total Cash Inflow,土地规费 Land Fees,配套建设费用 Amenity Construction Cost,计容产品建安费用 Apartment Construction Payment,税费 Fees and Taxes,地下建安费用 Underground Construction Cost,总现金流出小计 Total Cash Outflow,月净现金流 Monthly Net Cashflow,累计净现金流 Accumulated Net Cashflow,增值税重新申报 VAT Re-declaration
1,0.0,69300000.0,0.0,0,0,0.0,0.0,40000000,0,6930000.0,0.0,0,46930000.0,-46930000.0,-46930000.0,0
2,0.0,69300000.0,0.0,0,0,0.0,0.0,0,0,0.0,0.0,0,0.0,0.0,-46930000.0,0
3,25500000.0,69300000.0,25500000.0,0,0,25500000.0,0.0,0,500000.0,13860000.0,1976250.0,0,16336250.0,-16336250.0,-63266250.0,0
4,25500000.0,48510000.0,23010000.0,0,0,25500000.0,2490000.0,0,0,0.0,1976250.0,0,1976250.0,513750.0,-62752500.0,0
5,25500000.0,48510000.0,0,0,0,25500000.0,25500000.0,0,0,0.0,1976250.0,0,1976250.0,23523750.0,-39228750.0,0
6,21900000.0,48510000.0,0,0,0,21900000.0,21900000.0,0,500000.0,0.0,1697250.0,0,2197250.0,19702750.0,-19526000.0,0
7,16500000.0,48510000.0,0,0,0,16500000.0,16500000.0,0,0,13860000.0,1278750.0,0,15138750.0,1361250.0,-18164750.0,0
8,16500000.0,20790000.0,0,27720000.0,0,16500000.0,44220000.0,0,0,0.0,1278750.0,0,1278750.0,42941250.0,24776500.0,0
9,0.0,20790000.0,0,0,0,0.0,0.0,0,500000.0,0.0,0.0,0,500000.0,-500000.0,24276500.0,0
10,0.0,20790000.0,0,0,0,0.0,0.0,0,0,0.0,0.0,0,0.0,0.0,24276500.0,0
11,0.0,20790000.0,0,0,0,0.0,0.0,0,0,0.0,0.0,0,0.0,0.0,24276500.0,0
12,0.0,20790000.0,0,0,0,0.0,0.0,0,500000.0,0.0,0.0,0,500000.0,-500000.0,23776500.0,0
13,0.0,20790000.0,0,0,0,0.0,0.0,0,0,6930000.0,0.0,0,6930000.0,-6930000.0,16846500.0,0
14,0.0,20790000.0,0,0,0,0.0,0.0,0,0,0.0,0.0,0,0.0,0.0,16846500.0,0
15,0.0,20790000.0,0,0,0,0.0,0.0,0,500000.0,0.0,0.0,0,500000.0,-500000.0,16346500.0,0
16,0.0,20790000.0,0,0,0,0.0,0.0,0,0,0.0,0.0,0,0.0,0.0,16346500.0,0
17,0.0,20790000.0,0,0,0,0.0,0.0,0,0,0.0,0.0,0,0.0,0.0,16346500.0,0
18,0.0,20790000.0,0,0,0,0.0,0.0,0,500000.0,0.0,0.0,0,500000.0,-500000.0,15846500.0,0
19,0.0,20790000.0,0,0,0,0.0,0.0,0,0,6930000.0,0.0,0,6930000.0,-6930000.0,8916500.0,0
20,0.0,3465000.0,0,17325000.0,0,0.0,17325000.0,0,0,0.0,0.0,0,0.0,17325000.0,26241500.0,0
21,0.0,3465000.0,0,0,0,0.0,0.0,0,500000.0,0.0,0.0,0,500000.0,-500000.0,25741500.0,0
22,0.0,3465000.0,0,0,0,0.0,0.0,0,0,0.0,0.0,0,0.0,0.0,25741500.0,0
23,0.0,3465000.0,0,0,0,0.0,0.0,0,0,0.0,0.0,0,0.0,0.0,25741500.0,0
24,0.0,3465000.0,0,0,0,0.0,0.0,0,500000.0,0.0,0.0,0,500000.0,-500000.0,25241500.0,0
25,0.0,3465000.0,0,0,0,0.0,0.0,0,0,6930000.0,0.0,0,6930000.0,-6930000.0,18311500.0,0
26,0.0,0.0,0,3465000.0,0,0.0,3465000.0,0,0,0.0,0.0,0,0.0,3465000.0,21776500.0,0
27,0.0,0.0,0,0,0,0.0,0.0,0,500000.0,0.0,0.0,0,500000.0,-500000.0,21276500.0,0
28,0.0,0.0,0,0,0,0.0,0.0,0,0,0.0,0.0,0,0.0,0.0,21276500.0,0
29,0.0,0.0,0,0,0,0.0,0.0,0,0,0.0,0.0,0,0.0,0.0,21276500.0,0
30,0.0,0.0,0,0,0,0.0,0.0,0,500000.0,0.0,0.0,0,500000.0,-500000.0,20776500.0,0
31,0.0,0.0,0,0,0,0.0,0.0,0,0,6930000.0,0.0,0,6930000.0,-6930000.0,13846500.0,0
32,0.0,0.0,0,0,0,0.0,0.0,0,0,0.0,0.0,0,0.0,0.0,13846500.0,0
33,0.0,0.0,0,0,0,0.0,0.0,0,0,0.0,0.0,0,0.0,0.0,13846500.0,0
34,0.0,0.0,0,0,0,0.0,0.0,0,0,0.0,0.0,0,0.0,0.0,13846500.0,0
35,0.0,0.0,0,0,0,0.0,0.0,0,0,0.0,0.0,0,0.0,0.0,13846500.0,0
36,0.0,0.0,0,0,0,0.0,0.0,0,0,0.0,0.0,0,0.0,0.0,13846500.0,0
37,0.0,0.0,0,0,0,0.0,0.0,0,0,6930000.0,0.0,0,6930000.0,-6930000.0,6916500.0,0
38,0.0,0.0,0,0,0,0.0,0.0,0,0,0.0,0.0,0,0.0,0.0,6916500.0,0
39,0.0,0.0,0,0,0,0.0,0.0,0,0,0.0,0.0,0,0.0,0.0,6916500.0,0
40,0.0,0.0,0,0,0,0.0,0.0,0,0,0.0,0.0,0,0.0,0.0,6916500.0,0
41,0.0,0.0,0,0,0,0.0,0.0,0,0,0.0,0.0,0,0.0,0.0,6916500.0,0
42,0.0,0.0,0,0,0,0.0,0.0,0,0,0.0,0.0,0,0.0,0.0,6916500.0,0
43,0.0,0.0,0,0,0,0.0,0.0,0,0,0.0,0.0,0,0.0,0.0,6916500.0,0
44,0.0,0.0,0,0,0,0.0,0.0,0,0,0.0,0.0,0,0.0,0.0,6916500.0,0
45,0.0,0.0,0,0,0,0.0,0.0,0,0,0.0,0.0,0,0.0,0.0,6916500.0,0
46,0.0,0.0,0,0,0,0.0,0.0,0,0,0.0,0.0,0,0.0,0.0,6916500.0,0
47,0.0,0.0,0,0,0,0.0,0.0,0,0,0.0,0.0,0,0.0,0.0,6916500.0,0
48,0.0,0.0,0,0,0,0.0,0.0,0,0,0.0,0.0,0,0.0,0.0,6916500.0,0
49,0.0,0.0,0,0,0,0.0,0.0,0,0,0.0,0.0,0,0.0,0.0,6916500.0,0
50,0.0,0.0,0,0,0,0.0,0.0,0,0,0.0,0.0,0,0.0,0.0,6916500.0,0
51,0.0,0.0,0,0,0,0.0,0.0,0,0,0.0,0.0,0,0.0,0.0,6916500.0,0
52,0.0,0.0,0,0,0,0.0,0.0,0,0,0.0,0.0,0,0.0,0.0,6916500.0,0
53,0.0,0.0,0,0,0,0.0,0.0,0,0,0.0,0.0,0,0.0,0.0,6916500.0,0
54,0.0,0.0,0,0,0,0.0,0.0,0,0,0.0,0.0,0,0.0,0.0,6916500.0,0
55,0.0,0.0,0,0,0,0.0,0.0,0,0,0.0,0.0,0,0.0,0.0,6916500.0,0
56,0.0,0.0,0,0,0,0.0,0.0,0,0,0.0,0.0,0,0.0,0.0,6916500.0,0
57,0.0,0.0,0,0,0,0.0,0.0,0,0,0.0,0.0,0,0.0,0.0,6916500.0,0
58,0.0,0.0,0,0,0,0.0,0.0,0,0,0.0,0.0,0,0.0,0.0,6916500.0,0
59,0.0,0.0,0,0,0,0.0,0.0,0,0,0.0,0.0,0,0.0,0.0,6916500.0,0
60,0.0,0.0,0,0,0,0.0,0.0,0,0,0.0,0.0,0,0.0,0.0,6916500.0,0
61,0.0,0.0,0,0,0,0.0,0.0,0,0,0.0,0.0,0,0.0,0.0,6916500.0,0
62,0.0,0.0,0,0,0,0.0,0.0,0,0,0.0,0.0,0,0.0,0.0,6916500.0,0
63,0.0,0.0,0,0,0,0.0,0.0,0,0,0.0,0.0,0,0.0,0.0,6916500.0,0
64,0.0,0.0,0,0,0,0.0,0.0,0,0,0.0,0.0,0,0.0,0.0,6916500.0,0
65,0.0,0.0,0,0,0,0.0,0.0,0,0,0.0,0.0,0,0.0,0.0,6916500.0,0
66,0.0,0.0,0,0,0,0.0,0.0,0,0,0.0,0.0,0,0.0,0.0,6916500.0,0
67,0.0,0.0,0,0,0,0.0,0.0,0,0,0.0,0.0,0,0.0,0.0,6916500.0,0
68,0.0,0.0,0,0,0,0.0,0.0,0,0,0.0,0.0,0,0.0,0.0,6916500.0,0
69,0.0,0.0,0,0,0,0.0,0.0,0,0,0.0,0.0,0,0.0,0.0,6916500.0,0
70,0.0,0.0,0,0,0,0.0,0.0,0,0,0.0,0.0,0,0.0,0.0,6916500.0,0
71,0.0,0.0,0,0,0,0.0,0.0,0,0,0.0,0.0,0,0.0,0.0,6916500.0,0
72,0.0,0.0,0,0,0,0.0,0.0,0,0,0.0,1729125.0,0,1729125.0,-1729125.0,5187375.0,0,1729125.0
